# 601 snapshots
# linear spacing in scale-factor
# times assume cosmology from ELVIS:
# Omega_m = 0.266, Omega_l = 0.734, Omega_b = 0.0449,
# h = 0.71, sigma_8 = 0.801, n_s = 0.963
# i scale-factor redshift time[Gyr] lookback-time[Gyr] time-width[Myr]
  0 0.010000000 99.000000000  0.017801798 13.709378738   0.0000
  1 0.050000001 19.000000000  0.199015180 13.528165356 181.2134
  2 0.062500000 15.000000000  0.278116930 13.449063606  79.1018
  3 0.064078301 14.605906487  0.288715499 13.438465037  10.5986
  4 0.065656602 14.230760574  0.299445123 13.427735412  10.7296
  5 0.067234799 13.873250008  0.310303471 13.416877065  10.8583
  6 0.068813100 13.532116890  0.321290423 13.405890113  10.9870
  7 0.070391402 13.206280708  0.332403763 13.394776772  11.1133
  8 0.071969703 12.894735336  0.343642040 13.383538496  11.2383
  9 0.073547997 12.596563339  0.355003792 13.372176743  11.3618
 10 0.075126298 12.310917854  0.366487765 13.360692770  11.4840
 11 0.076704502 12.037044525  0.378091869 13.349088667  11.6041
 12 0.078282803 11.774197578  0.389816246 13.337364290  11.7244
 13 0.079861097 11.521740913  0.401658887 13.325521649  11.8426
 14 0.081439398 11.279068947  0.413618697 13.313561839  11.9598
 15 0.083017699 11.045623779  0.425694444 13.301486092  12.0757
 16 0.084596001 10.820889473  0.437884985 13.289295551  12.1905
 17 0.086174197 10.604401588  0.450188391 13.276992145  12.3034
 18 0.087752499 10.395687103  0.462605205 13.264575331  12.4168
 19 0.089330800 10.194347382  0.475133561 13.252046975  12.5284
 20 0.090909101 10.000000000  0.487772430 13.239408106  12.6389
 21 0.092424199  9.819677353  0.500008204 13.227172331  12.2358
 22 0.093939401  9.645160675  0.512344878 13.214835658  12.3367
 23 0.095454499  9.476195335  0.524779903 13.202400633  12.4350
 24 0.096969701  9.312500000  0.537314162 13.189866374  12.5343
 25 0.098484799  9.153851509  0.549945120 13.177235416  12.6310
 26 0.100000001  9.000000000  0.562673720 13.164506816  12.7286
 27 0.101587303  8.843750000  0.576110943 13.151069593  13.4372
 28 0.103174597  8.692308426  0.589652580 13.137527956  13.5416
 29 0.104761899  8.545454979  0.603297900 13.123882636  13.6453
 30 0.106349200  8.402985573  0.617046001 13.110134535  13.7481
 31 0.107936502  8.264706612  0.630896061 13.096284475  13.8501
 32 0.109523803  8.130434990  0.644847273 13.082333263  13.9512
 33 0.111111097  8.000000954  0.658898781 13.068281755  14.0515
 34 0.112847202  7.861539841  0.674381633 13.052798903  15.4829
 35 0.114583299  7.727275848  0.689982557 13.037197979  15.6009
 36 0.116319403  7.597018242  0.705700712 13.021479824  15.7182
 37 0.118055597  7.470584869  0.721535893 13.005644643  15.8352
 38 0.119791701  7.347824097  0.737485533 12.989695003  15.9496
 39 0.121527798  7.228569984  0.753549454 12.973631082  16.0639
 40 0.123263903  7.112674713  0.769726891 12.957453645  16.1774
 41 0.125000000  7.000000000  0.786016818 12.941163717  16.2899
 42 0.126623407  6.897434235  0.801350433 12.925830103  15.3336
 43 0.128246799  6.797465801  0.816780864 12.910399672  15.4304
 44 0.129870102  6.700001717  0.832306704 12.894873832  15.5258
 45 0.131493494  6.604938984  0.847928986 12.879251550  15.6223
 46 0.133116901  6.512194157  0.863646332 12.863534203  15.7173
 47 0.134740293  6.421684742  0.879457796 12.847722740  15.8115
 48 0.136363596  6.333335400  0.895361994 12.831818542  15.9042
 49 0.137987003  6.247059345  0.911360186 12.815820350  15.9982
 50 0.139610395  6.162790298  0.927450573 12.799729963  16.0904
 51 0.141233802  6.080458164  0.943632829 12.783547707  16.1823
 52 0.142857105  6.000001907  0.959905144 12.767275392  16.2723
 53 0.144444406  5.923078537  0.975904083 12.751276453  15.9989
 54 0.146031693  5.847828388  0.991988833 12.735191702  16.0848
 55 0.147618994  5.774196148  1.008159145 12.719021391  16.1703
 56 0.149206296  5.702129841  1.024414322 12.702766214  16.2552
 57 0.150793701  5.631576538  1.040754903 12.686425633  16.3406
 58 0.152381003  5.562497616  1.057178207 12.670002329  16.4233
 59 0.153968304  5.494843006  1.073684780 12.653495756  16.5066
 60 0.155555606  5.428569317  1.090274100 12.636906436  16.5893
 61 0.157142907  5.363634109  1.106945654 12.620234882  16.6716
 62 0.158730194  5.299998760  1.123698774 12.603481762  16.7531
 63 0.160317495  5.237622261  1.140533272 12.586647264  16.8345
 64 0.161904797  5.176469326  1.157448492 12.569732044  16.9152
 65 0.163492098  5.116503716  1.174443941 12.552736595  16.9954
 66 0.165079400  5.057691097  1.191519131 12.535661405  17.0752
 67 0.166666701  5.000000000  1.208673577 12.518506959  17.1544
 68 0.168254003  4.943395138  1.225906801 12.501273735  17.2332
 69 0.169841304  4.887849331  1.243218329 12.483962207  17.3115
 70 0.171428606  4.833332062  1.260607690 12.466572846  17.3894
 71 0.173015907  4.779815197  1.278074418 12.449106118  17.4667
 72 0.174603194  4.727272034  1.295617886 12.431562650  17.5435
 73 0.176190495  4.675674915  1.313237966 12.413942570  17.6201
 74 0.177777797  4.624999523  1.330934040 12.396246496  17.6961
 75 0.179365098  4.575220585  1.348705657 12.378474879  17.7716
 76 0.180952400  4.526315212  1.366552371 12.360628165  17.8467
 77 0.182539701  4.478260517  1.384473739 12.342706796  17.9214
 78 0.184127003  4.431034088  1.402469322 12.324711214  17.9956
 79 0.185714304  4.384614944  1.420538683 12.306641853  18.0694
 80 0.187301606  4.338982582  1.438681388 12.288499147  18.1427
 81 0.188888907  4.294116974  1.456897010 12.270283526  18.2156
 82 0.190476194  4.250000000  1.475184948 12.251995588  18.2879
 83 0.192063496  4.206611633  1.493545122 12.233635414  18.3602
 84 0.193650797  4.163934231  1.511976940 12.215203595  18.4318
 85 0.195238099  4.121951103  1.530479985 12.196700551  18.5030
 86 0.196825400  4.080645084  1.549053840 12.178126696  18.5739
 87 0.198412701  4.039999962  1.567698094 12.159482442  18.6443
 88 0.200000003  4.000000000  1.586412335 12.140768201  18.7142
 89 0.201562494  3.961240292  1.604902022 12.122278514  18.4897
 90 0.203125000  3.923077106  1.623458922 12.103721614  18.5569
 91 0.204687506  3.885496140  1.642082475 12.085098060  18.6236
 92 0.206249997  3.848484993  1.660772121 12.066408415  18.6896
 93 0.207812503  3.812029839  1.679527836 12.047652700  18.7557
 94 0.209374994  3.776119709  1.698348884 12.028831652  18.8210
 95 0.210937500  3.740740776  1.717235248 12.009945288  18.8864
 96 0.212500006  3.705882072  1.736186376 11.990994160  18.9511
 97 0.214062497  3.671533108  1.755201714 11.971978822  19.0153
 98 0.215625003  3.637681007  1.774281253 11.952899282  19.0795
 99 0.217187494  3.604316711  1.793424263 11.933756273  19.1430
100 0.218750000  3.571428776  1.812630741 11.914549795  19.2065
101 0.220312506  3.539007187  1.831900140 11.895280396  19.2694
102 0.221874997  3.507042408  1.851231912 11.875948624  19.3318
103 0.223437503  3.475524426  1.870626064 11.856554472  19.3942
104 0.224999994  3.444444656  1.890081866 11.837098670  19.4558
105 0.226562500  3.413793087  1.909599330 11.817581206  19.5175
106 0.228125006  3.383561611  1.929177914 11.798002622  19.5786
107 0.229687497  3.353741646  1.948817074 11.778363461  19.6392
108 0.231250003  3.324324131  1.968516832 11.758663704  19.6998
109 0.232812494  3.295301914  1.988276457 11.738904079  19.7596
110 0.234375000  3.266666889  2.008095976 11.719084560  19.8195
111 0.235937506  3.238410473  2.027974850 11.699205686  19.8789
112 0.237499997  3.210526466  2.047912538 11.679267997  19.9377
113 0.239062503  3.183006287  2.067909075 11.659271461  19.9965
114 0.240624994  3.155844212  2.087963731 11.639216805  20.0547
115 0.242187500  3.129032135  2.108076543 11.619103993  20.1128
116 0.243750006  3.102563858  2.128246977 11.598933559  20.1704
117 0.245312497  3.076433182  2.148474495 11.578706041  20.2275
118 0.246875003  3.050632954  2.168759141 11.558421395  20.2846
119 0.248437494  3.025157452  2.189100188 11.538080348  20.3410
120 0.250000000  3.000000000  2.209497682 11.517682854  20.3975
121 0.251602590  2.974521875  2.230476531 11.496704005  20.9788
122 0.253205091  2.949367762  2.251512660 11.475667876  21.0361
123 0.254807711  2.924528122  2.272608446 11.454572089  21.0958
124 0.256410301  2.899999380  2.293761570 11.433418966  21.1531
125 0.258012801  2.875776768  2.314970876 11.412209660  21.2093
126 0.259615391  2.851851702  2.336238371 11.390942165  21.2675
127 0.261217892  2.828221798  2.357561321 11.369619215  21.3229
128 0.262820512  2.804877996  2.378942145 11.348238391  21.3808
129 0.264423102  2.781817913  2.400378501 11.326802035  21.4364
130 0.266025603  2.759036779  2.421869229 11.305311307  21.4907
131 0.267628193  2.736527205  2.443416371 11.283764165  21.5471
132 0.269230813  2.714285135  2.465018775 11.262161761  21.6024
133 0.270833313  2.692307949  2.486674074 11.240506462  21.6553
134 0.272435904  2.670588255  2.508384732 11.218795804  21.7107
135 0.274038494  2.649122477  2.530149188 11.197031348  21.7645
136 0.275640994  2.627907276  2.551965873 11.175214663  21.8167
137 0.277243614  2.606936216  2.573837274 11.153343261  21.8714
138 0.278846204  2.586206198  2.595761014 11.131419522  21.9237
139 0.280448705  2.565714359  2.617735920 11.109444616  21.9749
140 0.282051295  2.545454264  2.639764094 11.087416442  22.0282
141 0.283653796  2.525424242  2.661842731 11.065337805  22.0786
142 0.285256386  2.505618334  2.683973945 11.043206591  22.1312
143 0.286859006  2.486033201  2.706156572 11.021023964  22.1826
144 0.288461506  2.466666937  2.728388198 10.998792337  22.2316
145 0.290064096  2.447513819  2.750671370 10.976509166  22.2832
146 0.291666687  2.428571224  2.773004503 10.954176033  22.3331
147 0.293269187  2.409836531  2.795386002 10.931794533  22.3815
148 0.294871807  2.391304255  2.817818438 10.909362097  22.4324
149 0.296474397  2.372972488  2.840299386 10.886881150  22.4809
150 0.298076898  2.354839087  2.862827659 10.864352877  22.5283
151 0.299679488  2.336898327  2.885405431 10.841775105  22.5778
152 0.301282108  2.319148302  2.908031523 10.819149012  22.6261
153 0.302884609  2.301587343  2.930703488 10.796477048  22.6720
154 0.304487199  2.284210205  2.953423934 10.773756602  22.7204
155 0.306089699  2.267016172  2.976189985 10.750990551  22.7661
156 0.307692289  2.250000238  2.999003843 10.728176693  22.8139
157 0.309294909  2.233160257  3.021864324 10.705316212  22.8605
158 0.310897410  2.216495037  3.044768959 10.682411577  22.9046
159 0.312500000  2.200000048  3.067720392 10.659460144  22.9514
160 0.314102590  2.183673143  3.090717008 10.636463528  22.9966
161 0.315705091  2.167513132  3.113757182 10.613423354  23.0402
162 0.317307711  2.151515007  3.136843578 10.590336958  23.0864
163 0.318910301  2.135678053  3.159973717 10.567206819  23.1301
164 0.320512801  2.120000124  3.183146399 10.544034137  23.1727
165 0.322115391  2.104477644  3.206363872 10.520816663  23.2175
166 0.323717892  2.089109421  3.229623213 10.497557323  23.2593
167 0.325320512  2.073891640  3.252927115 10.474253421  23.3039
168 0.326923102  2.058823347  3.276273082 10.450907454  23.3460
169 0.328525603  2.043902874  3.299659906 10.427520630  23.3868
170 0.330128193  2.029126406  3.323089865 10.404090671  23.4300
171 0.331730813  2.014492273  3.346561759 10.380618777  23.4719
172 0.333333313  2.000000238  3.370073070 10.357107466  23.5113
173 0.334920585  1.985782385  3.393401198 10.333779338  23.3281
174 0.336507887  1.971698523  3.416769500 10.310411035  23.3683
175 0.338095188  1.957746983  3.440177219 10.287003317  23.4077
176 0.339682490  1.943925619  3.463624033 10.263556503  23.4468
177 0.341269791  1.930233002  3.487109622 10.240070914  23.4856
178 0.342857093  1.916666985  3.510633665 10.216546870  23.5240
179 0.344444394  1.903226137  3.534195844 10.192984692  23.5622
180 0.346031696  1.889908791  3.557795839 10.169384697  23.6000
181 0.347618997  1.876712799  3.581433332 10.145747204  23.6375
182 0.349206299  1.863636732  3.605108003 10.122072532  23.6747
183 0.350793689  1.850678444  3.628820874 10.098359662  23.7129
184 0.352380991  1.837837458  3.652568954 10.074611582  23.7481
185 0.353968292  1.825111866  3.676353261 10.050827274  23.7843
186 0.355555594  1.812499762  3.700173480 10.027007056  23.8202
187 0.357142895  1.799999714  3.724029295 10.003151241  23.8558
188 0.358730197  1.787610292  3.747920389  9.979260147  23.8911
189 0.360317498  1.775330067  3.771846449  9.955334087  23.9261
190 0.361904800  1.763157606  3.795807159  9.931373377  23.9607
191 0.363492101  1.751091480  3.819802206  9.907378330  23.9950
192 0.365079403  1.739130259  3.843831276  9.883349260  24.0291
193 0.366666704  1.727272511  3.867894056  9.859286480  24.0628
194 0.368254006  1.715517044  3.891990234  9.835190302  24.0962
195 0.369841307  1.703862429  3.916119497  9.811061039  24.1293
196 0.371428609  1.692307472  3.940281534  9.786899002  24.1620
197 0.373015910  1.680850744  3.964476034  9.762704501  24.1945
198 0.374603212  1.669491291  3.988702687  9.738477849  24.2267
199 0.376190513  1.658227682  4.012961182  9.714219354  24.2585
200 0.377777815  1.647058487  4.037251210  9.689929326  24.2900
201 0.379365087  1.635983229  4.061572004  9.665608532  24.3208
202 0.380952388  1.625000000  4.085924170  9.641256366  24.3522
203 0.382539690  1.614107847  4.110306944  9.616873592  24.3828
204 0.384126991  1.603305817  4.134720017  9.592460519  24.4131
205 0.385714293  1.592592478  4.159163083  9.568017452  24.4431
206 0.387301594  1.581967115  4.183635836  9.543544700  24.4728
207 0.388888896  1.571428537  4.208137970  9.519042566  24.5021
208 0.390476197  1.560975552  4.232669179  9.494511357  24.5312
209 0.392063498  1.550607204  4.257229159  9.469951377  24.5600
210 0.393650800  1.540322542  4.281817605  9.445362931  24.5884
211 0.395238101  1.530120373  4.306434215  9.420746321  24.6166
212 0.396825403  1.519999981  4.331078684  9.396101852  24.6445
213 0.398412704  1.509960175  4.355750711  9.371429824  24.6720
214 0.400000006  1.500000000  4.380449994  9.346730542  24.6993
215 0.401587307  1.490118504  4.405176231  9.322004304  24.7262
216 0.403174609  1.480314970  4.429929123  9.297251413  24.7529
217 0.404761910  1.470588207  4.454708367  9.272472168  24.7792
218 0.406349212  1.460937500  4.479513667  9.247666869  24.8053
219 0.407936513  1.451361895  4.504344721  9.222835814  24.8311
220 0.409523785  1.441860676  4.529200766  9.197979769  24.8560
221 0.411111087  1.432432652  4.554082438  9.173098098  24.8817
222 0.412698388  1.423077106  4.578988972  9.148191564  24.9065
223 0.414285690  1.413793325  4.603920073  9.123260463  24.9311
224 0.415872991  1.404580355  4.628875444  9.098305092  24.9554
225 0.417460293  1.395437479  4.653854792  9.073325744  24.9793
226 0.419047594  1.386363745  4.678857821  9.048322715  25.0030
227 0.420634896  1.377358675  4.703884238  9.023296298  25.0264
228 0.422222197  1.368421078  4.728933750  8.998246786  25.0495
229 0.423809499  1.359550714  4.754006064  8.973174471  25.0723
230 0.425396800  1.350746393  4.779100890  8.948079646  25.0948
231 0.426984102  1.342007637  4.804217936  8.922962600  25.1170
232 0.428571403  1.333333492  4.829356912  8.897823624  25.1390
233 0.430158705  1.324723482  4.854517528  8.872663007  25.1606
234 0.431746006  1.316176653  4.879699497  8.847481039  25.1820
235 0.433333308  1.307692528  4.904902528  8.822278007  25.2030
236 0.434920609  1.299270153  4.930126337  8.797054199  25.2238
237 0.436507910  1.290909290  4.955370635  8.771809901  25.2443
238 0.438095212  1.282608747  4.980635137  8.746545399  25.2645
239 0.439682513  1.274368286  5.005919558  8.721260978  25.2844
240 0.441269785  1.266187429  5.031223138  8.695957398  25.3036
241 0.442857087  1.258064747  5.056546544  8.670633992  25.3234
242 0.444444388  1.250000238  5.081889019  8.645291517  25.3425
243 0.446031690  1.241993189  5.107250279  8.619930257  25.3613
244 0.447618991  1.234042883  5.132630045  8.594550491  25.3798
245 0.449206293  1.226148605  5.158028036  8.569152500  25.3980
246 0.450793713  1.218309641  5.183445880  8.543734655  25.4178
247 0.452381015  1.210525990  5.208879484  8.518301052  25.4336
248 0.453968287  1.202796936  5.234329997  8.492850539  25.4505
249 0.455555588  1.195121765  5.259798099  8.467382437  25.4681
250 0.457142889  1.187499762  5.285283035  8.441897500  25.4849
251 0.458730191  1.179930687  5.310784531  8.416396005  25.5015
252 0.460317492  1.172413588  5.336302312  8.390878224  25.5178
253 0.461904794  1.164948225  5.361836103  8.365344433  25.5338
254 0.463492095  1.157534122  5.387385632  8.339794904  25.5495
255 0.465079397  1.150170565  5.412950626  8.314229909  25.5650
256 0.466666698  1.142857075  5.438530816  8.288649720  25.5802
257 0.468254000  1.135593176  5.464125929  8.263054607  25.5951
258 0.469841301  1.128378153  5.489735696  8.237444839  25.6098
259 0.471428603  1.121212006  5.515359850  8.211820686  25.6242
260 0.473015904  1.114093781  5.540998122  8.186182414  25.6383
261 0.474603206  1.107023239  5.566650246  8.160530290  25.6521
262 0.476190507  1.099999905  5.592315955  8.134864581  25.6657
263 0.477777809  1.093023062  5.617994985  8.109185551  25.6790
264 0.479365110  1.086092472  5.643687072  8.083493464  25.6921
265 0.480952412  1.079207897  5.669391952  8.057788584  25.7049
266 0.482539713  1.072368383  5.695109363  8.032071173  25.7174
267 0.484127015  1.065573692  5.720839044  8.006341492  25.7297
268 0.485714287  1.058823586  5.746580252  7.980600284  25.7412
269 0.487301588  1.052117348  5.772333693  7.954846843  25.7534
270 0.488888890  1.045454502  5.798098626  7.929081909  25.7649
271 0.490476191  1.038835049  5.823874794  7.903305742  25.7762
272 0.492063493  1.032258034  5.849661940  7.877518596  25.7871
273 0.493650794  1.025723457  5.875459808  7.851720728  25.7979
274 0.495238096  1.019230843  5.901268144  7.825912391  25.8083
275 0.496825397  1.012779474  5.927086695  7.800093841  25.8186
276 0.498412699  1.006369352  5.952915208  7.774265328  25.8285
277 0.500000000  1.000000000  5.978753431  7.748427105  25.8382
278 0.501592398  0.993650675  6.004684115  7.722496421  25.9307
279 0.503184676  0.987341881  6.030622126  7.696558410  25.9380
280 0.504777074  0.981072545  6.056571096  7.670609440  25.9490
281 0.506369412  0.974842787  6.082527862  7.644652674  25.9568
282 0.507961810  0.968651891  6.108494118  7.618686418  25.9663
283 0.509554088  0.962500215  6.134466701  7.592713835  25.9726
284 0.511146486  0.956386328  6.160449252  7.566731284  25.9826
285 0.512738883  0.950310469  6.186439582  7.540740954  25.9903
286 0.514331222  0.944272399  6.212436472  7.514744063  25.9969
287 0.515923619  0.938271403  6.238441626  7.488738910  26.0052
288 0.517515898  0.932307839  6.264451880  7.462728656  26.0103
289 0.519108295  0.926380277  6.290470887  7.436709649  26.0190
290 0.520700574  0.920489550  6.316494511  7.410686025  26.0236
291 0.522292972  0.914634228  6.342526409  7.384654126  26.0319
292 0.523885429  0.908814311  6.368565371  7.358615165  26.0390
293 0.525477707  0.903030276  6.394607259  7.332573277  26.0419
294 0.527070105  0.897280812  6.420656711  7.306523825  26.0495
295 0.528662384  0.891566396  6.446709592  7.280470943  26.0529
296 0.530254781  0.885885835  6.472769570  7.254410966  26.0600
297 0.531847119  0.880239606  6.498833485  7.228347051  26.0639
298 0.533439517  0.874626756  6.524903057  7.202277479  26.0696
299 0.535031796  0.869047761  6.550975127  7.176205409  26.0721
300 0.536624193  0.863501549  6.577053371  7.150127165  26.0782
301 0.538216591  0.857988119  6.603135608  7.124044928  26.0822
302 0.539808929  0.852507353  6.629220633  7.097959903  26.0850
303 0.541401327  0.847058654  6.655310175  7.071870361  26.0895
304 0.542993605  0.841642261  6.681401078  7.045779458  26.0909
305 0.544586003  0.836257219  6.707497024  7.019683512  26.0959
306 0.546178281  0.830904007  6.733593885  6.993586651  26.0969
307 0.547770679  0.825581431  6.759695345  6.967485191  26.1015
308 0.549363077  0.820289850  6.785799232  6.941381304  26.1039
309 0.550955415  0.815028906  6.811904347  6.915276189  26.1051
310 0.552547812  0.809798121  6.838012428  6.889168108  26.1081
311 0.554140091  0.804597855  6.864120326  6.863060210  26.1079
312 0.555732489  0.799426913  6.890231733  6.836948803  26.1114
313 0.557324827  0.794285774  6.916343504  6.810837032  26.1118
314 0.558917224  0.789173722  6.942457378  6.784723157  26.1139
315 0.560509622  0.784090638  6.968572168  6.758608368  26.1148
316 0.562101901  0.779036880  6.994685705  6.732494831  26.1135
317 0.563694298  0.774011254  7.020801691  6.706378845  26.1160
318 0.565286577  0.769014239  7.046916005  6.680264531  26.1143
319 0.566878974  0.764045000  7.073032351  6.654148185  26.1163
320 0.568471313  0.759103775  7.099147589  6.628032947  26.1152
321 0.570063710  0.754189849  7.125263468  6.601917067  26.1159
322 0.571656108  0.749303460  7.151378808  6.575801728  26.1153
323 0.573248386  0.744444489  7.177491449  6.549689087  26.1126
324 0.574840784  0.739612103  7.203605099  6.523575436  26.1137
325 0.576433122  0.734806657  7.229716627  6.497463909  26.1115
326 0.578025520  0.730027437  7.255827785  6.471352751  26.1112
327 0.579617798  0.725274801  7.281935445  6.445245091  26.1077
328 0.581210196  0.720547915  7.308043318  6.419137218  26.1079
329 0.582802474  0.715847254  7.334147299  6.393033237  26.1040
330 0.584394872  0.711171746  7.360251102  6.366929434  26.1038
331 0.585987329  0.706521511  7.386353556  6.340826980  26.1025
332 0.587579608  0.701897025  7.412450559  6.314729977  26.0970
333 0.589172006  0.697297215  7.438546806  6.288633730  26.0962
334 0.590764284  0.692722559  7.464638199  6.262542336  26.0914
335 0.592356682  0.688172102  7.490728456  6.236452080  26.0903
336 0.593949020  0.683646202  7.516814459  6.210366077  26.0860
337 0.595541418  0.679144382  7.542897974  6.184282562  26.0835
338 0.597133815  0.674666524  7.568977840  6.158202696  26.0799
339 0.598726094  0.670212865  7.595051919  6.132128617  26.0741
340 0.600318491  0.665782452  7.621123933  6.106056603  26.0720
341 0.601910830  0.661375642  7.647190772  6.079989764  26.0668
342 0.603503227  0.656991959  7.673254207  6.053926329  26.0634
343 0.605095506  0.652631640  7.699311131  6.027869405  26.0569
344 0.606687903  0.648293972  7.725365268  6.001815268  26.0541
345 0.608280301  0.643978953  7.751414489  5.975766046  26.0492
346 0.609872580  0.639686823  7.777456670  5.949723866  26.0422
347 0.611464977  0.635416627  7.803495534  5.923685002  26.0389
348 0.613057315  0.631168842  7.829527983  5.897652553  26.0324
349 0.614649713  0.626942873  7.855555793  5.871624742  26.0278
350 0.616241992  0.622739196  7.881575872  5.845604664  26.0201
351 0.617834389  0.618556738  7.907591944  5.819588591  26.0161
352 0.619426787  0.614395738  7.933601893  5.793578643  26.0099
353 0.621019125  0.610256314  7.959604578  5.767575958  26.0027
354 0.622611523  0.606137991  7.985601777  5.741578759  25.9972
355 0.624203801  0.602040887  8.011590407  5.715590129  25.9886
356 0.625796199  0.597964287  8.037574195  5.689606340  25.9838
357 0.627388477  0.593908787  8.063549088  5.663631448  25.9749
358 0.628980875  0.589873433  8.089518812  5.637661724  25.9697
359 0.630573213  0.585858703  8.115480290  5.611700246  25.9615
360 0.632165611  0.581863999  8.141435306  5.585745230  25.9550
361 0.633758008  0.577889323  8.167382729  5.559797807  25.9474
362 0.635350287  0.573934913  8.193320461  5.533860075  25.9377
363 0.636942685  0.569999933  8.219252229  5.507928307  25.9318
364 0.638535023  0.566084862  8.245174965  5.482005571  25.9227
365 0.640127420  0.562188983  8.271090456  5.456090080  25.9155
366 0.641719699  0.558312774  8.296995640  5.430184896  25.9052
367 0.643312097  0.554455400  8.322894244  5.404286292  25.8986
368 0.644904494  0.550617218  8.348784177  5.378396358  25.8899
369 0.646496773  0.546798110  8.374663354  5.352517182  25.8792
370 0.648089170  0.542997599  8.400535501  5.326645035  25.8721
371 0.649681509  0.539215684  8.426397564  5.300782971  25.8621
372 0.651273906  0.535452247  8.452251335  5.274929200  25.8538
373 0.652866185  0.531707406  8.478093766  5.249086770  25.8424
374 0.654458582  0.527980566  8.503928583  5.223251953  25.8348
375 0.656050980  0.524271846  8.529753707  5.197426829  25.8251
376 0.657643318  0.520581126  8.555568031  5.171612504  25.8143
377 0.659235716  0.516908050  8.581373349  5.145807187  25.8053
378 0.660827994  0.513253093  8.607166622  5.120013914  25.7933
379 0.662420392  0.509615421  8.632951576  5.094228960  25.7850
380 0.664012671  0.505995393  8.658724213  5.068456323  25.7726
381 0.665605128  0.502392292  8.684489219  5.042691317  25.7650
382 0.667197526  0.498806477  8.710242603  5.016937933  25.7534
383 0.668789804  0.495238066  8.735983267  4.991197269  25.7407
384 0.670382202  0.491686344  8.761714934  4.965465602  25.7317
385 0.671974480  0.488151789  8.787433620  4.939746916  25.7187
386 0.673566878  0.484633565  8.813143044  4.914037491  25.7094
387 0.675159216  0.481132150  8.838840192  4.888340344  25.6971
388 0.676751614  0.477647066  8.864526857  4.862653679  25.6867
389 0.678343892  0.474178553  8.890200029  4.836980507  25.6732
390 0.679936290  0.470726013  8.915863427  4.811317109  25.6634
391 0.681528687  0.467289686  8.941515002  4.785665534  25.6516
392 0.683121026  0.463869452  8.967153672  4.760026864  25.6387
393 0.684713423  0.460465074  8.992781233  4.734399303  25.6276
394 0.686305702  0.457076669  9.018394687  4.708785849  25.6135
395 0.687898099  0.453703642  9.043997747  4.683182789  25.6031
396 0.689490378  0.450346589  9.069586462  4.657594074  25.5887
397 0.691082776  0.447004676  9.095164543  4.632015992  25.5781
398 0.692675173  0.443678141  9.120729958  4.606450578  25.5654
399 0.694267511  0.440366983  9.146281634  4.580898902  25.5517
400 0.695859909  0.437070847  9.171821368  4.555359168  25.5397
401 0.697452188  0.433790088  9.197346178  4.529834357  25.5248
402 0.699044585  0.430523872  9.222859774  4.504320762  25.5136
403 0.700636923  0.427272797  9.248359178  4.478821358  25.4994
404 0.702229321  0.424036264  9.273846186  4.453334350  25.4870
405 0.703821719  0.420814395  9.299319735  4.427860801  25.4735
406 0.705413997  0.417607307  9.324777809  4.402402727  25.4581
407 0.707006395  0.414414406  9.350224113  4.376956423  25.4463
408 0.708598673  0.411236048  9.375654729  4.351525807  25.4306
409 0.710191071  0.408071756  9.401073359  4.326107177  25.4186
410 0.711783409  0.404921770  9.426477043  4.300703493  25.4037
411 0.713375807  0.401785731  9.451867578  4.275312958  25.3905
412 0.714968204  0.398663640  9.477243911  4.249936625  25.3763
413 0.716560483  0.395555615  9.502604040  4.224576496  25.3601
414 0.718152881  0.392461181  9.527951663  4.199228873  25.3476
415 0.719745219  0.389380574  9.553283831  4.173896705  25.3322
416 0.721337616  0.386313438  9.578602342  4.148578193  25.3185
417 0.722929895  0.383260012  9.603904256  4.123276279  25.3019
418 0.724522293  0.380219817  9.629193264  4.097987271  25.2890
419 0.726114571  0.377193093  9.654465484  4.072715052  25.2722
420 0.727707028  0.374179363  9.679725548  4.047454987  25.2601
421 0.729299426  0.371178865  9.704969581  4.022210955  25.2440
422 0.730891705  0.368191719  9.730196544  3.996983992  25.2270
423 0.732484102  0.365217328  9.755410125  3.971770411  25.2136
424 0.734076381  0.362256050  9.780606455  3.946574081  25.1963
425 0.735668778  0.359307408  9.805789218  3.921391318  25.1828
426 0.737261117  0.356371522  9.830955494  3.896225042  25.1663
427 0.738853514  0.353448272  9.856107080  3.871073456  25.1516
428 0.740445912  0.350537539  9.881242945  3.845937591  25.1359
429 0.742038190  0.347639561  9.906361123  3.820819413  25.1182
430 0.743630588  0.344753742  9.931465288  3.795715248  25.1042
431 0.745222926  0.341880322  9.956552535  3.770628001  25.0872
432 0.746815324  0.339019179  9.981624660  3.745555876  25.0721
433 0.748407602  0.336170316 10.006678763  3.720501773  25.0541
434 0.750000000  0.333333373 10.031718515  3.695462021  25.0398
435 0.751592398  0.330508351 10.056741957  3.670438579  25.0234
436 0.753184676  0.327695608 10.081747137  3.645433399  25.0052
437 0.754777074  0.324894547 10.106737720  3.620442816  24.9906
438 0.756369412  0.322105289 10.131710821  3.595469715  24.9731
439 0.757961810  0.319327712 10.156668230  3.570512306  24.9574
440 0.759554088  0.316561937 10.181607069  3.545573467  24.9388
441 0.761146486  0.313807607 10.206530997  3.520649539  24.9239
442 0.762738883  0.311064720 10.231438069  3.495742466  24.9071
443 0.764331222  0.308333278 10.256327282  3.470853254  24.8892
444 0.765923619  0.305613160 10.281200423  3.445980113  24.8731
445 0.767515898  0.302904606 10.306054629  3.421125907  24.8542
446 0.769108295  0.300207019 10.330893549  3.396286987  24.8389
447 0.770700574  0.297520757 10.355713393  3.371467143  24.8198
448 0.772292972  0.294845343 10.380517807  3.346662728  24.8044
449 0.773885429  0.292180896 10.405305791  3.321874745  24.7880
450 0.775477707  0.289527774 10.430073567  3.297106969  24.7678
451 0.777070105  0.286885142 10.454825703  3.272354833  24.7521
452 0.778662384  0.284253597 10.479558427  3.247622109  24.7327
453 0.780254781  0.281632662 10.504275376  3.222905160  24.7169
454 0.781847119  0.279022455 10.528973708  3.198206827  24.6983
455 0.783439517  0.276422739 10.553655209  3.173525327  24.6815
456 0.785031796  0.273833752 10.578317042  3.148863494  24.6618
457 0.786624193  0.271255136 10.602962839  3.124217697  24.6458
458 0.788216591  0.268686771 10.627590690  3.099589846  24.6279
459 0.789808929  0.266129017 10.652199613  3.074980923  24.6089
460 0.791401327  0.263581395 10.676791390  3.050389146  24.5918
461 0.792993605  0.261044264 10.701363200  3.025817336  24.5718
462 0.794586003  0.258517027 10.725918664  3.001261872  24.5555
463 0.796178281  0.256000042 10.750454047  2.976726489  24.5354
464 0.797770679  0.253493071 10.774972965  2.952207571  24.5189
465 0.799363077  0.250995994 10.799473524  2.927707012  24.5006
466 0.800955415  0.248508930 10.823954751  2.903225785  24.4812
467 0.802547812  0.246031642 10.848418425  2.878762111  24.4637
468 0.804140091  0.243564367 10.872861744  2.854318791  24.4433
469 0.805732489  0.241106749 10.897288316  2.829892220  24.4266
470 0.807324827  0.238658786 10.921695342  2.805485194  24.4070
471 0.808917224  0.236220479 10.946084597  2.781095938  24.3893
472 0.810509622  0.233791590 10.970455117  2.756725419  24.3705
473 0.812101901  0.231372595 10.994805028  2.732375508  24.3499
474 0.813694298  0.228962779 11.019137925  2.708042611  24.3329
475 0.815286577  0.226562619 11.043450116  2.683730419  24.3122
476 0.816878974  0.224171519 11.067745193  2.659435343  24.2951
477 0.818471313  0.221789956 11.092020378  2.635160158  24.2752
478 0.820063710  0.219417453 11.116277441  2.610903095  24.2571
479 0.821656108  0.217054129 11.140515426  2.586665109  24.2380
480 0.823248386  0.214700222 11.164732476  2.562448060  24.2170
481 0.824840784  0.212355137 11.188932170  2.538248366  24.1997
482 0.826433122  0.210019231 11.213111745  2.514068791  24.1796
483 0.828025520  0.207692266 11.237272968  2.489907568  24.1612
484 0.829617798  0.205374360 11.261413084  2.465767452  24.1401
485 0.831210196  0.203065157 11.285535663  2.441644873  24.1226
486 0.832802474  0.200764894 11.309637053  2.417543483  24.1014
487 0.834394872  0.198473334 11.333720820  2.393459716  24.0838
488 0.835987329  0.196190357 11.357786020  2.369394516  24.0652
489 0.837579608  0.193916321 11.381829010  2.345351526  24.0430
490 0.839172006  0.191650867 11.405854254  2.321326282  24.0252
491 0.840764284  0.189393997 11.429858115  2.297322421  24.0039
492 0.842356682  0.187145591 11.453844149  2.273336387  23.9860
493 0.843949020  0.184905648 11.477809623  2.249370913  23.9655
494 0.845541418  0.182674170 11.501756295  2.225424241  23.9467
495 0.847133815  0.180451035 11.525683232  2.201497304  23.9269
496 0.848726094  0.178236485 11.549588608  2.177591928  23.9054
497 0.850318491  0.176029921 11.573475967  2.153704569  23.8874
498 0.851910830  0.173831820 11.597342592  2.129837944  23.8666
499 0.853503227  0.171641707 11.621190235  2.105990301  23.8476
500 0.855095506  0.169460058 11.645016186  2.082164350  23.8260
501 0.856687903  0.167286277 11.668823981  2.058356555  23.8078
502 0.858280301  0.165120482 11.692611801  2.034568735  23.7878
503 0.859872580  0.162963033 11.716377838  2.010802698  23.7660
504 0.861464977  0.160813332 11.740125618  1.987054918  23.7478
505 0.863057315  0.158671618 11.763852443  1.963328093  23.7268
506 0.864649713  0.156537652 11.787560059  1.939620476  23.7076
507 0.866241992  0.154411793 11.811245777  1.915934759  23.6857
508 0.867834389  0.152293563 11.834913114  1.892267422  23.6673
509 0.869426787  0.150183082 11.858560267  1.868620269  23.6472
510 0.871019125  0.148080468 11.882186325  1.844994211  23.6261
511 0.872611523  0.145985365 11.905793030  1.821387506  23.6067
512 0.874203801  0.143898010 11.929377705  1.797802831  23.5847
513 0.875796199  0.141818166 11.952943855  1.774236681  23.5662
514 0.877388477  0.139745951 11.976487926  1.750692610  23.5441
515 0.878980875  0.137681127 12.000013419  1.727167117  23.5255
516 0.880573213  0.135623932 12.023517667  1.703662869  23.5042
517 0.882165611  0.133574009 12.047002405  1.680178131  23.4847
518 0.883758008  0.131531477 12.070466729  1.656713807  23.4643
519 0.885350287  0.129496455 12.093908862  1.633271674  23.4421
520 0.886942685  0.127468586 12.117332291  1.609848245  23.4234
521 0.888535023  0.125447989 12.140734364  1.586446172  23.4021
522 0.890127420  0.123434663 12.164116811  1.563063725  23.3824
523 0.891719699  0.121428609 12.187476986  1.539703550  23.3602
524 0.893312097  0.119429588 12.210818367  1.516362169  23.3414
525 0.894904494  0.117437720 12.234139183  1.493041353  23.3208
526 0.896496773  0.115453005 12.257437673  1.469742863  23.2985
527 0.898089170  0.113475204 12.280717305  1.446463231  23.2796
528 0.899681509  0.111504436 12.303975445  1.423205090  23.2581
529 0.901273906  0.109540582 12.327213818  1.399966718  23.2384
530 0.902866185  0.107583880 12.350429796  1.376750740  23.2160
531 0.904458582  0.105633855 12.373626839  1.353553697  23.1970
532 0.906050980  0.103690624 12.396803191  1.330377345  23.1764
533 0.907643318  0.101754427 12.419957969  1.307222566  23.1548
534 0.909235716  0.099824786 12.443092892  1.284087643  23.1349
535 0.910827994  0.097902179 12.466205348  1.260975188  23.1125
536 0.912420392  0.095986009 12.489298781  1.237881755  23.0934
537 0.914012671  0.094076753 12.512369720  1.214810816  23.0709
538 0.915605128  0.092173934 12.535422468  1.191758068  23.0527
539 0.917197526  0.090277672 12.558453557  1.168726978  23.0311
540 0.918789804  0.088388205 12.581462117  1.145718419  23.0086
541 0.920382202  0.086505175 12.604451578  1.122728958  22.9895
542 0.921974480  0.084628701 12.627418488  1.099762048  22.9669
543 0.923566878  0.082758665 12.650366272  1.076814264  22.9478
544 0.925159216  0.080895066 12.673292341  1.053888195  22.9261
545 0.926751614  0.079037786 12.696198401  1.030982135  22.9061
546 0.928343892  0.077187061 12.719081870  1.008098666  22.8835
547 0.929936290  0.075342536 12.741946164  0.985234372  22.8643
548 0.931528687  0.073504210 12.764789559  0.962390976  22.8434
549 0.933121026  0.071672320 12.787611192  0.939569343  22.8216
550 0.934713423  0.069846630 12.810412763  0.916767773  22.8016
551 0.936305702  0.068027258 12.833191702  0.893988834  22.7789
552 0.937898099  0.066213965 12.855951413  0.871229122  22.7597
553 0.939490378  0.064406872 12.878688481  0.848492055  22.7371
554 0.941082776  0.062605739 12.901406302  0.825774234  22.7178
555 0.942675173  0.060810804 12.924103165  0.803077371  22.6969
556 0.944267511  0.059021950 12.946778217  0.780402319  22.6751
557 0.945859909  0.057239056 12.969433147  0.757747389  22.6549
558 0.947452188  0.055462241 12.992065407  0.735115129  22.6323
559 0.949044585  0.053691268 13.014678380  0.712502156  22.6130
560 0.950636923  0.051926374 13.037269521  0.689911015  22.5911
561 0.952229321  0.050167203 13.059840515  0.667340021  22.5710
562 0.953821719  0.048413992 13.082390512  0.644790024  22.5500
563 0.955413997  0.046666741 13.104917822  0.622262714  22.5273
564 0.957006395  0.044925094 13.127425814  0.599754722  22.5080
565 0.958598673  0.043189406 13.149911115  0.577269421  22.4853
566 0.960191071  0.041459441 13.172377087  0.554803449  22.4660
567 0.961783409  0.039735079 13.194821205  0.532359331  22.4441
568 0.963375807  0.038016558 13.217245145  0.509935390  22.4239
569 0.964968204  0.036303520 13.239648066  0.487532470  22.4029
570 0.966560483  0.034596443 13.262028290  0.465152246  22.3802
571 0.968152881  0.032894731 13.284389167  0.442791369  22.3609
572 0.969745219  0.031198740 13.306728183  0.420452353  22.3390
573 0.971337616  0.029508114 13.329047010  0.398133526  22.3188
574 0.972929895  0.027823329 13.351343142  0.375837394  22.2961
575 0.974522293  0.026143789 13.373619917  0.353560618  22.2768
576 0.976114571  0.024469852 13.395874001  0.331306535  22.2541
577 0.977707028  0.022801280 13.418109556  0.309070980  22.2356
578 0.979299426  0.021138191 13.440323253  0.286857283  22.2137
579 0.980891705  0.019480586 13.462514264  0.264666272  22.1910
580 0.982484102  0.017828226 13.484685914  0.242494622  22.1716
581 0.984076381  0.016181231 13.506834883  0.220345653  22.1490
582 0.985668778  0.014539599 13.528964491  0.198216045  22.1296
583 0.987261117  0.012903214 13.551072253  0.176108283  22.1078
584 0.988853514  0.011272073 13.573159827  0.154020709  22.0876
585 0.990445912  0.009646297 13.595226387  0.131954149  22.0666
586 0.992038190  0.008025765 13.617270286  0.109910249  22.0439
587 0.993630588  0.006410241 13.639294830  0.087885706  22.0245
588 0.995222926  0.004799962 13.661297545  0.065882991  22.0027
589 0.996815324  0.003194809 13.683280084  0.043900451  21.9825
590 0.998407602  0.001594901 13.705239984  0.021940552  21.9599
591 0.998566926  0.001435161 13.707436134  0.019744402   2.1961
592 0.998726130  0.001275539 13.709630431  0.017550105   2.1943
593 0.998885393  0.001115799 13.711825339  0.015355197   2.1949
594 0.999044597  0.000956297 13.714019216  0.013161320   2.1939
595 0.999203801  0.000796795 13.716212884  0.010967652   2.1937
596 0.999363124  0.000637293 13.718407983  0.008772552   2.1951
597 0.999522328  0.000477910 13.720601231  0.006579305   2.1932
598 0.999681473  0.000318646 13.722793448  0.004387088   2.1922
599 0.999840796  0.000159264 13.724987918  0.002192618   2.1945
600 1.000000000  0.000000000 13.727180536  0.000000000   2.1926