# 601 snapshots
# linear spacing in scale-factor
# times assume cosmology from planck2015:
# Omega_m = 0.31, Omega_l = 0.69, Omega_b = 0.048,
# h = 0.68, sigma_8 = 0.82, n_s = 0.97
# i scale-factor redshift time[Gyr] lookback-time[Gyr] time-width[Myr]
  0 0.010000000 99.000000000  0.017217628 13.718998395   0.0000
  1 0.050000001 19.000000000  0.192486572 13.543729451 175.2689
  2 0.062500000 15.000000000  0.268996271 13.467219751  76.5097
  3 0.064078301 14.605906487  0.279247738 13.456968285  10.2515
  4 0.065656602 14.230760574  0.289626021 13.446590001  10.3783
  5 0.067234799 13.873250008  0.300128870 13.436087152  10.5028
  6 0.068813100 13.532116890  0.310756174 13.425459849  10.6273
  7 0.070391402 13.206280708  0.321505793 13.414710230  10.7496
  8 0.071969703 12.894735336  0.332376327 13.403839696  10.8705
  9 0.073547997 12.596563339  0.343366368 13.392849654  10.9900
 10 0.075126298 12.310917854  0.354474707 13.381741315  11.1083
 11 0.076704502 12.037044525  0.365699327 13.370516696  11.2246
 12 0.078282803 11.774197578  0.377040371 13.359175651  11.3410
 13 0.079861097 11.521740913  0.388495902 13.347720120  11.4555
 14 0.081439398 11.279068947  0.400064864 13.336151158  11.5690
 15 0.083017699 11.045623779  0.411746072 13.324469951  11.6812
 16 0.084596001 10.820889473  0.423538426 13.312677597  11.7924
 17 0.086174197 10.604401588  0.435440065 13.300775957  11.9016
 18 0.087752499 10.395687103  0.447451521 13.288764501  12.0115
 19 0.089330800 10.194347382  0.459570996 13.276645026  12.1195
 20 0.090909101 10.000000000  0.471797500 13.264418523  12.2265
 21 0.092424199  9.819677353  0.483634181 13.252581841  11.8367
 22 0.093939401  9.645160675  0.495568593 13.240647429  11.9344
 23 0.095454499  9.476195335  0.507598278 13.228617744  12.0297
 24 0.096969701  9.312500000  0.519724097 13.216491925  12.1258
 25 0.098484799  9.153851509  0.531943601 13.204272421  12.2195
 26 0.100000001  9.000000000  0.544257711 13.191958311  12.3141
 27 0.101587303  8.843750000  0.557257530 13.178958492  12.9998
 28 0.103174597  8.692308426  0.570358535 13.165857488  13.1010
 29 0.104761899  8.545454979  0.583560026 13.152655996  13.2015
 30 0.106349200  8.402985573  0.596861140 13.139354882  13.3011
 31 0.107936502  8.264706612  0.610261089 13.125954933  13.3999
 32 0.109523803  8.130434990  0.623759101 13.112456921  13.4980
 33 0.111111097  8.000000954  0.637354358 13.098861665  13.5953
 34 0.112847202  7.861539841  0.652334727 13.083881296  14.9804
 35 0.114583299  7.727275848  0.667429601 13.068786422  15.0949
 36 0.116319403  7.597018242  0.682638178 13.053577844  15.2086
 37 0.118055597  7.470584869  0.697960275 13.038255747  15.3221
 38 0.119791701  7.347824097  0.713393417 13.022822605  15.4331
 39 0.121527798  7.228569984  0.728937448 13.007278575  15.5440
 40 0.123263903  7.112674713  0.744591639 12.991624383  15.6542
 41 0.125000000  7.000000000  0.760355012 12.975861011  15.7634
 42 0.126623407  6.897434235  0.775193292 12.961022731  14.8383
 43 0.128246799  6.797465801  0.790125569 12.946090454  14.9323
 44 0.129870102  6.700001717  0.805150493 12.931065530  15.0249
 45 0.131493494  6.604938984  0.820269074 12.915946948  15.1186
 46 0.133116901  6.512194157  0.835479993 12.900736029  15.2109
 47 0.134740293  6.421684742  0.850782345 12.885433677  15.3024
 48 0.136363596  6.333335400  0.866174804 12.870041218  15.3925
 49 0.137987003  6.247059345  0.881658602 12.854557421  15.4838
 50 0.139610395  6.162790298  0.897232011 12.838984012  15.5734
 51 0.141233802  6.080458164  0.912894728 12.823321294  15.6627
 52 0.142857105  6.000001907  0.928645016 12.807571006  15.7503
 53 0.144444406  5.923078537  0.944131098 12.792084924  15.4861
 54 0.146031693  5.847828388  0.959700648 12.776515375  15.5695
 55 0.147618994  5.774196148  0.975353435 12.760862587  15.6528
 56 0.149206296  5.702129841  0.991088801 12.745127221  15.7354
 57 0.150793701  5.631576538  1.006907279 12.729308743  15.8185
 58 0.152381003  5.562497616  1.022806289 12.713409733  15.8990
 59 0.153968304  5.494843006  1.038786373 12.697429650  15.9801
 60 0.155555606  5.428569317  1.054847040 12.681368983  16.0607
 61 0.157142907  5.363634109  1.070987807 12.665228216  16.1408
 62 0.158730194  5.299998760  1.087208042 12.649007980  16.2202
 63 0.160317495  5.237622261  1.103507579 12.632708443  16.2995
 64 0.161904797  5.176469326  1.119885796 12.616330226  16.3782
 65 0.163492098  5.116503716  1.136342232 12.599873790  16.4564
 66 0.165079400  5.057691097  1.152876429 12.583339593  16.5342
 67 0.166666701  5.000000000  1.169487934 12.566728088  16.6115
 68 0.168254003  4.943395138  1.186176299 12.550039723  16.6884
 69 0.169841304  4.887849331  1.202941081 12.533274941  16.7648
 70 0.171428606  4.833332062  1.219781840 12.516434182  16.8408
 71 0.173015907  4.779815197  1.236698142 12.499517881  16.9163
 72 0.174603194  4.727272034  1.253689395 12.482526627  16.9913
 73 0.176190495  4.675674915  1.270755492 12.465460530  17.0661
 74 0.177777797  4.624999523  1.287895852 12.448320170  17.1404
 75 0.179365098  4.575220585  1.305110055 12.431105967  17.2142
 76 0.180952400  4.526315212  1.322397687 12.413818335  17.2876
 77 0.182539701  4.478260517  1.339758335 12.396457688  17.3606
 78 0.184127003  4.431034088  1.357191591 12.379024431  17.4333
 79 0.185714304  4.384614944  1.374697051 12.361518971  17.5055
 80 0.187301606  4.338982582  1.392274314 12.343941708  17.5773
 81 0.188888907  4.294116974  1.409922981 12.326293041  17.6487
 82 0.190476194  4.250000000  1.427642491 12.308573531  17.7195
 83 0.192063496  4.206611633  1.445432784 12.290783238  17.7903
 84 0.193650797  4.163934231  1.463293306 12.272922716  17.8605
 85 0.195238099  4.121951103  1.481223671 12.254992352  17.9304
 86 0.196825400  4.080645084  1.499223494 12.236992528  17.9998
 87 0.198412701  4.039999962  1.517292397 12.218923625  18.0689
 88 0.200000003  4.000000000  1.535430001 12.200786021  18.1376
 89 0.201562494  3.961240292  1.553350838 12.182865184  17.9208
 90 0.203125000  3.923077106  1.571337698 12.164878324  17.9869
 91 0.204687506  3.885496140  1.589390057 12.146825965  18.0524
 92 0.206249997  3.848484993  1.607507392 12.128708631  18.1173
 93 0.207812503  3.812029839  1.625689698 12.110526324  18.1823
 94 0.209374994  3.776119709  1.643936284 12.092279738  18.2466
 95 0.210937500  3.740740776  1.662247152 12.073968870  18.3109
 96 0.212500006  3.705882072  1.680621786 12.055594236  18.3746
 97 0.214062497  3.671533108  1.699059670 12.037156353  18.4379
 98 0.215625003  3.637681007  1.717560816 12.018655206  18.5011
 99 0.217187494  3.604316711  1.736124536 12.000091487  18.5637
100 0.218750000  3.571428776  1.754750847 11.981465175  18.6263
101 0.220312506  3.539007187  1.773439242 11.962776780  18.6884
102 0.221874997  3.507042408  1.792189209 11.944026814  18.7500
103 0.223437503  3.475524426  1.811000775 11.925215247  18.8116
104 0.224999994  3.444444656  1.829873256 11.906342767  18.8725
105 0.226562500  3.413793087  1.848806683 11.887409339  18.9334
106 0.228125006  3.383561611  1.867800553 11.868415470  18.9939
107 0.229687497  3.353741646  1.886854360 11.849361663  19.0538
108 0.231250003  3.324324131  1.905968146 11.830247877  19.1138
109 0.232812494  3.295301914  1.925141225 11.811074797  19.1731
110 0.234375000  3.266666889  1.944373646 11.791842376  19.2324
111 0.235937506  3.238410473  1.963664907 11.772551115  19.2913
112 0.237499997  3.210526466  1.983014508 11.753201514  19.3496
113 0.239062503  3.183006287  2.002422503 11.733793519  19.4080
114 0.240624994  3.155844212  2.021888208 11.714327815  19.4657
115 0.242187500  3.129032135  2.041411682 11.694804341  19.5235
116 0.243750006  3.102563858  2.060992428 11.675223594  19.5807
117 0.245312497  3.076433182  2.080629949 11.655586073  19.6375
118 0.246875003  3.050632954  2.100324311 11.635891711  19.6944
119 0.248437494  3.025157452  2.120074830 11.616141192  19.7505
120 0.250000000  3.000000000  2.139881577 11.596334445  19.8067
121 0.251602590  2.974521875  2.160254336 11.575961686  20.3728
122 0.253205091  2.949367762  2.180684255 11.555531768  20.4299
123 0.254807711  2.924528122  2.201173667 11.535042355  20.4894
124 0.256410301  2.899999380  2.221720348 11.514495674  20.5467
125 0.258012801  2.875776768  2.242323200 11.493892822  20.6029
126 0.259615391  2.851851702  2.262984200 11.473231823  20.6610
127 0.261217892  2.828221798  2.283700717 11.452515305  20.7165
128 0.262820512  2.804877996  2.304475129 11.431740893  20.7744
129 0.264423102  2.781817913  2.325305188 11.410910834  20.8301
130 0.266025603  2.759036779  2.346189793 11.390026230  20.8846
131 0.267628193  2.736527205  2.367130954 11.369085068  20.9412
132 0.269230813  2.714285135  2.388127581 11.348088442  20.9966
133 0.270833313  2.692307949  2.409177399 11.327038623  21.0498
134 0.272435904  2.670588255  2.430282830 11.305933192  21.1054
135 0.274038494  2.649122477  2.451442387 11.284773636  21.1596
136 0.275640994  2.627907276  2.472654568 11.263561455  21.2122
137 0.277243614  2.606936216  2.493921822 11.242294200  21.2673
138 0.278846204  2.586206198  2.515241864 11.220974158  21.3200
139 0.280448705  2.565714359  2.536613582 11.199602440  21.3717
140 0.282051295  2.545454264  2.558039048 11.178176974  21.4255
141 0.283653796  2.525424242  2.579515561 11.156700461  21.4765
142 0.285256386  2.505618334  2.601045208 11.135170815  21.5296
143 0.286859006  2.486033201  2.622626882 11.113589141  21.5817
144 0.288461506  2.466666937  2.644258264 11.091957758  21.6314
145 0.290064096  2.447513819  2.665941861 11.070274161  21.6836
146 0.291666687  2.428571224  2.687676159 11.048539864  21.7343
147 0.293269187  2.409836531  2.709459634 11.026756389  21.7835
148 0.294871807  2.391304255  2.731294817 11.004921205  21.8352
149 0.296474397  2.372972488  2.753179376 10.983036646  21.8846
150 0.298076898  2.354839087  2.775112187 10.961103836  21.9328
151 0.299679488  2.336898327  2.797095391 10.939120631  21.9832
152 0.301282108  2.319148302  2.819127873 10.917088149  22.0325
153 0.302884609  2.301587343  2.841207277 10.895008745  22.0794
154 0.304487199  2.284210205  2.863336172 10.872879850  22.1289
155 0.306089699  2.267016172  2.885511788 10.850704235  22.1756
156 0.307692289  2.250000238  2.907736295 10.828479727  22.2245
157 0.309294909  2.233160257  2.930008573 10.806207449  22.2723
158 0.310897410  2.216495037  2.952326245 10.783889778  22.3177
159 0.312500000  2.200000048  2.974691914 10.761524108  22.3657
160 0.314102590  2.183673143  2.997104037 10.739111985  22.4121
161 0.315705091  2.167513132  3.019561061 10.716654961  22.4570
162 0.317307711  2.151515007  3.042065611 10.694150411  22.5045
163 0.318910301  2.135678053  3.064615300 10.671600722  22.5497
164 0.320512801  2.120000124  3.087208987 10.649007036  22.5937
165 0.322115391  2.104477644  3.109848894 10.626367128  22.6399
166 0.323717892  2.089109421  3.132532199 10.603683823  22.6833
167 0.325320512  2.073891640  3.155261560 10.580954462  22.7294
168 0.326923102  2.058823347  3.178034570 10.558181452  22.7730
169 0.328525603  2.043902874  3.200850082 10.535365940  22.8155
170 0.330128193  2.029126406  3.223710346 10.512505676  22.8603
171 0.331730813  2.014492273  3.246614222 10.489601800  22.9039
172 0.333333313  2.000000238  3.269559283 10.466656739  22.9451
173 0.334920585  1.985782385  3.292328279 10.443887744  22.7690
174 0.336507887  1.971698523  3.315139204 10.421076818  22.8109
175 0.338095188  1.957746983  3.337991348 10.398224674  22.8521
176 0.339682490  1.943925619  3.360884425 10.375331597  22.8931
177 0.341269791  1.930233002  3.383818151 10.352397871  22.9337
178 0.342857093  1.916666985  3.406792243 10.329423779  22.9741
179 0.344444394  1.903226137  3.429806416 10.306409606  23.0142
180 0.346031696  1.889908791  3.452860389 10.283355633  23.0540
181 0.347618997  1.876712799  3.475953877 10.260262145  23.0935
182 0.349206299  1.863636732  3.499086600 10.237129422  23.1327
183 0.350793689  1.850678444  3.522259581 10.213956442  23.1730
184 0.352380991  1.837837458  3.545469928 10.190746094  23.2103
185 0.353968292  1.825111866  3.568718664 10.167497358  23.2487
186 0.355555594  1.812499762  3.592005509 10.144210514  23.2868
187 0.357142895  1.799999714  3.615330181 10.120885841  23.3247
188 0.358730197  1.787610292  3.638692401 10.097523621  23.3622
189 0.360317498  1.775330067  3.662091890 10.074124132  23.3995
190 0.361904800  1.763157606  3.685528367 10.050687655  23.4365
191 0.363492101  1.751091480  3.709001553 10.027214469  23.4732
192 0.365079403  1.739130259  3.732511171 10.003704851  23.5096
193 0.366666704  1.727272511  3.756056942  9.980159081  23.5458
194 0.368254006  1.715517044  3.779638587  9.956577436  23.5816
195 0.369841307  1.703862429  3.803255829  9.932960193  23.6172
196 0.371428609  1.692307472  3.826908392  9.909307631  23.6526
197 0.373015910  1.680850744  3.850595998  9.885620025  23.6876
198 0.374603212  1.669491291  3.874318370  9.861897652  23.7224
199 0.376190513  1.658227682  3.898075233  9.838140789  23.7569
200 0.377777815  1.647058487  3.921866312  9.814349711  23.7911
201 0.379365087  1.635983229  3.945690882  9.790525141  23.8246
202 0.380952388  1.625000000  3.969549564  9.766666459  23.8587
203 0.382539690  1.614107847  3.993441636  9.742774387  23.8921
204 0.384126991  1.603305817  4.017366823  9.718849199  23.9252
205 0.385714293  1.592592478  4.041324853  9.694891169  23.9580
206 0.387301594  1.581967115  4.065315451  9.670900571  23.9906
207 0.388888896  1.571428537  4.089338345  9.646877678  24.0229
208 0.390476197  1.560975552  4.113393261  9.622822761  24.0549
209 0.392063498  1.550607204  4.137479928  9.598736094  24.0867
210 0.393650800  1.540322542  4.161598073  9.574617949  24.1181
211 0.395238101  1.530120373  4.185747425  9.550468597  24.1494
212 0.396825403  1.519999981  4.209927713  9.526288309  24.1803
213 0.398412704  1.509960175  4.234138666  9.502077356  24.2110
214 0.400000006  1.500000000  4.258380014  9.477836008  24.2413
215 0.401587307  1.490118504  4.282651487  9.453564536  24.2715
216 0.403174609  1.480314970  4.306952815  9.429263208  24.3013
217 0.404761910  1.470588207  4.331283729  9.404932294  24.3309
218 0.406349212  1.460937500  4.355643960  9.380572062  24.3602
219 0.407936513  1.451361895  4.380033241  9.356182781  24.3893
220 0.409523785  1.441860676  4.404450844  9.331765178  24.4176
221 0.411111087  1.432432652  4.428897420  9.307318603  24.4466
222 0.412698388  1.423077106  4.453372242  9.282843780  24.4748
223 0.414285690  1.413793325  4.477875045  9.258340978  24.5028
224 0.415872991  1.404580355  4.502405561  9.233810461  24.5305
225 0.417460293  1.395437479  4.526963527  9.209252496  24.5580
226 0.419047594  1.386363745  4.551548675  9.184667347  24.5851
227 0.420634896  1.377358675  4.576160742  9.160055280  24.6121
228 0.422222197  1.368421078  4.600799464  9.135416559  24.6387
229 0.423809499  1.359550714  4.625464575  9.110751447  24.6651
230 0.425396800  1.350746393  4.650155813  9.086060209  24.6912
231 0.426984102  1.342007637  4.674872915  9.061343107  24.7171
232 0.428571403  1.333333492  4.699615619  9.036600404  24.7427
233 0.430158705  1.324723482  4.724383662  9.011832361  24.7680
234 0.431746006  1.316176653  4.749176782  8.987039240  24.7931
235 0.433333308  1.307692528  4.773994720  8.962221303  24.8179
236 0.434920609  1.299270153  4.798837213  8.937378809  24.8425
237 0.436507910  1.290909290  4.823704003  8.912512019  24.8668
238 0.438095212  1.282608747  4.848594830  8.887621193  24.8908
239 0.439682513  1.274368286  4.873509434  8.862706589  24.9146
240 0.441269785  1.266187429  4.898447088  8.837768934  24.9377
241 0.442857087  1.258064747  4.923408472  8.812807550  24.9614
242 0.444444388  1.250000238  4.948392859  8.787823163  24.9844
243 0.446031690  1.241993189  4.973399993  8.762816030  25.0071
244 0.447618991  1.234042883  4.998429616  8.737786406  25.0296
245 0.449206293  1.226148605  5.023481474  8.712734548  25.0519
246 0.450793713  1.218309641  5.048557194  8.687658828  25.0757
247 0.452381015  1.210525990  5.073652756  8.662563266  25.0956
248 0.453968287  1.202796936  5.098769316  8.637446706  25.1166
249 0.455555588  1.195121765  5.123907563  8.612308460  25.1382
250 0.457142889  1.187499762  5.149066772  8.587149250  25.1592
251 0.458730191  1.179930687  5.174246692  8.561969330  25.1799
252 0.460317492  1.172413588  5.199447070  8.536768953  25.2004
253 0.461904794  1.164948225  5.224667654  8.511548369  25.2206
254 0.463492095  1.157534122  5.249908193  8.486307829  25.2405
255 0.465079397  1.150170565  5.275168438  8.461047584  25.2602
256 0.466666698  1.142857075  5.300448139  8.435767883  25.2797
257 0.468254000  1.135593176  5.325747046  8.410468976  25.2989
258 0.469841301  1.128378153  5.351064911  8.385151111  25.3179
259 0.471428603  1.121212006  5.376401487  8.359814536  25.3366
260 0.473015904  1.114093781  5.401756525  8.334459498  25.3550
261 0.474603206  1.107023239  5.427129779  8.309086244  25.3733
262 0.476190507  1.099999905  5.452521003  8.283695020  25.3912
263 0.477777809  1.093023062  5.477929951  8.258286071  25.4089
264 0.479365110  1.086092472  5.503356380  8.232859642  25.4264
265 0.480952412  1.079207897  5.528800044  8.207415978  25.4437
266 0.482539713  1.072368383  5.554260700  8.181955322  25.4607
267 0.484127015  1.065573692  5.579738106  8.156477917  25.4774
268 0.485714287  1.058823586  5.605231539  8.130984483  25.4934
269 0.487301588  1.052117348  5.630741717  8.105474305  25.5102
270 0.488888890  1.045454502  5.656267919  8.079948103  25.5262
271 0.490476191  1.038835049  5.681809906  8.054406117  25.5420
272 0.492063493  1.032258034  5.707367437  8.028848585  25.5575
273 0.493650794  1.025723457  5.732940274  8.003275748  25.5728
274 0.495238096  1.019230843  5.758528179  7.977687843  25.5879
275 0.496825397  1.012779474  5.784130914  7.952085108  25.6027
276 0.498412699  1.006369352  5.809748242  7.926467780  25.6173
277 0.500000000  1.000000000  5.835379928  7.900836094  25.6317
278 0.501592398  0.993650675  5.861108097  7.875107926  25.7282
279 0.503184676  0.987341881  5.886848313  7.849367709  25.7402
280 0.504777074  0.981072545  5.912604196  7.823611826  25.7559
281 0.506369412  0.974842787  5.938372618  7.797843404  25.7684
282 0.507961810  0.968651891  5.964155274  7.772060749  25.7827
283 0.509554088  0.962500215  5.989949033  7.746266989  25.7938
284 0.511146486  0.956386328  6.015757524  7.720458498  25.8085
285 0.512738883  0.950310469  6.041578585  7.694637437  25.8211
286 0.514331222  0.944272399  6.067411017  7.668805006  25.8324
287 0.515923619  0.938271403  6.093256521  7.642959501  25.8455
288 0.517515898  0.932307839  6.119111965  7.617104057  25.8554
289 0.519108295  0.926380277  6.144980992  7.591235031  25.8690
290 0.520700574  0.920489550  6.170859498  7.565356524  25.8785
291 0.522292972  0.914634228  6.196751132  7.539464891  25.8916
292 0.523885429  0.908814311  6.222654698  7.513561325  25.9036
293 0.525477707  0.903030276  6.248566090  7.487649932  25.9114
294 0.527070105  0.897280812  6.274489933  7.461726089  25.9238
295 0.528662384  0.891566396  6.300422120  7.435793902  25.9322
296 0.530254781  0.885885835  6.326366310  7.409849712  25.9442
297 0.531847119  0.880239606  6.352319367  7.383896655  25.9531
298 0.533439517  0.874626756  6.378283012  7.357933011  25.9636
299 0.535031796  0.869047761  6.404254106  7.331961916  25.9711
300 0.536624193  0.863501549  6.430236318  7.305979704  25.9822
301 0.538216591  0.857988119  6.456227484  7.279988538  25.9912
302 0.539808929  0.852507353  6.482226412  7.253989610  25.9989
303 0.541401327  0.847058654  6.508234829  7.227981194  26.0084
304 0.542993605  0.841642261  6.534249596  7.201966426  26.0148
305 0.544586003  0.836257219  6.560274394  7.175941629  26.0248
306 0.546178281  0.830904007  6.586305108  7.149910914  26.0307
307 0.547770679  0.825581431  6.612345423  7.123870600  26.0403
308 0.549363077  0.820289850  6.638393174  7.097822848  26.0478
309 0.550955415  0.815028906  6.664447175  7.071768848  26.0540
310 0.552547812  0.809798121  6.690509161  7.045706861  26.0620
311 0.554140091  0.804597855  6.716575996  7.019640026  26.0668
312 0.555732489  0.799426913  6.742651372  6.993564651  26.0754
313 0.557324827  0.794285774  6.768732150  6.967483872  26.0808
314 0.558917224  0.789173722  6.794820075  6.941395947  26.0879
315 0.560509622  0.784090638  6.820913962  6.915302060  26.0939
316 0.562101901  0.779036880  6.847011650  6.889204373  26.0977
317 0.563694298  0.774011254  6.873116840  6.863099183  26.1052
318 0.565286577  0.769014239  6.899225418  6.836990605  26.1086
319 0.566878974  0.764045000  6.925341089  6.810874933  26.1157
320 0.568471313  0.759103775  6.951460717  6.784755305  26.1196
321 0.570063710  0.754189849  6.977586054  6.758629968  26.1253
322 0.571656108  0.749303460  7.003715922  6.732500101  26.1299
323 0.573248386  0.744444489  7.029848161  6.706367861  26.1322
324 0.574840784  0.739612103  7.055986486  6.680229537  26.1383
325 0.576433122  0.734806657  7.082127761  6.654088261  26.1413
326 0.578025520  0.730027437  7.108273746  6.627942277  26.1460
327 0.579617798  0.725274801  7.134421306  6.601794716  26.1476
328 0.581210196  0.720547915  7.160574161  6.575641861  26.1529
329 0.582802474  0.715847254  7.186728199  6.549487823  26.1540
330 0.584394872  0.711171746  7.212887142  6.523328880  26.1589
331 0.585987329  0.706521511  7.239049817  6.497166205  26.1627
332 0.587579608  0.701897025  7.265212114  6.471003908  26.1623
333 0.589172006  0.697297215  7.291378737  6.444837285  26.1666
334 0.590764284  0.692722559  7.317545578  6.418670444  26.1668
335 0.592356682  0.688172102  7.343716365  6.392499657  26.1708
336 0.593949020  0.683646202  7.369887970  6.366328053  26.1716
337 0.595541418  0.679144382  7.396062163  6.340153859  26.1742
338 0.597133815  0.674666524  7.422237778  6.313978244  26.1756
339 0.598726094  0.670212865  7.448412669  6.287803353  26.1749
340 0.600318491  0.665782452  7.474590569  6.261625453  26.1779
341 0.601910830  0.661375642  7.500768355  6.235447667  26.1778
342 0.603503227  0.656991959  7.526947802  6.209268220  26.1794
343 0.605095506  0.652631640  7.553125789  6.183090234  26.1780
344 0.606687903  0.648293972  7.579306052  6.156909970  26.1803
345 0.608280301  0.643978953  7.605486452  6.130729571  26.1804
346 0.609872580  0.639686823  7.631664848  6.104551174  26.1784
347 0.611464977  0.635416627  7.657844982  6.078371041  26.1801
348 0.613057315  0.631168842  7.684023735  6.052192287  26.1788
349 0.614649713  0.626942873  7.710202891  6.026013132  26.1792
350 0.616241992  0.622739196  7.736379333  5.999836689  26.1764
351 0.617834389  0.618556738  7.762556806  5.973659216  26.1775
352 0.619426787  0.614395738  7.788733177  5.947482845  26.1764
353 0.621019125  0.610256314  7.814907291  5.921308731  26.1741
354 0.622611523  0.606137991  7.841080937  5.895135086  26.1736
355 0.624203801  0.602040887  7.867251003  5.868965019  26.1701
356 0.625796199  0.597964287  7.893421238  5.842794784  26.1702
357 0.627388477  0.593908787  7.919587554  5.816628468  26.1663
358 0.628980875  0.589873433  7.945753701  5.790462321  26.1661
359 0.630573213  0.585858703  7.971916573  5.764299449  26.1629
360 0.632165611  0.581863999  7.998077962  5.738138061  26.1614
361 0.633758008  0.577889323  8.024236722  5.711979301  26.1588
362 0.635350287  0.573934913  8.050390731  5.685825291  26.1540
363 0.636942685  0.569999933  8.076543741  5.659672281  26.1530
364 0.638535023  0.566084862  8.102692654  5.633523369  26.1489
365 0.640127420  0.562188983  8.128839263  5.607376759  26.1466
366 0.641719699  0.558312774  8.154980474  5.581235549  26.1412
367 0.643312097  0.554455400  8.181120039  5.555095983  26.1396
368 0.644904494  0.550617218  8.207255843  5.528960179  26.1358
369 0.646496773  0.546798110  8.233385772  5.502830251  26.1299
370 0.648089170  0.542997599  8.259513580  5.476702442  26.1278
371 0.649681509  0.539215684  8.285636178  5.450579844  26.1226
372 0.651273906  0.535452247  8.311755367  5.424460656  26.1192
373 0.652866185  0.531707406  8.337868058  5.398347964  26.1127
374 0.654458582  0.527980566  8.363978010  5.372238013  26.1100
375 0.656050980  0.524271846  8.390083113  5.346132909  26.1051
376 0.657643318  0.520581126  8.416182241  5.320033781  26.0991
377 0.659235716  0.516908050  8.442277197  5.293938825  26.0950
378 0.660827994  0.513253093  8.468364901  5.267851122  26.0877
379 0.662420392  0.509615421  8.494449110  5.241766912  26.0842
380 0.664012671  0.505995393  8.520525773  5.215690250  26.0767
381 0.665605128  0.502392292  8.546599622  5.189616401  26.0738
382 0.667197526  0.498806477  8.572666607  5.163549415  26.0670
383 0.668789804  0.495238066  8.598725610  5.137490412  26.0590
384 0.670382202  0.491686344  8.624780388  5.111435634  26.0548
385 0.671974480  0.488151789  8.650826898  5.085389125  26.0465
386 0.673566878  0.484633565  8.676868897  5.059347126  26.0420
387 0.675159216  0.481132150  8.702903320  5.033312703  26.0344
388 0.676751614  0.477647066  8.728931975  5.007284047  26.0287
389 0.678343892  0.474178553  8.754951803  4.981264220  26.0198
390 0.679936290  0.470726013  8.780966559  4.955249463  26.0148
391 0.681528687  0.467289686  8.806974160  4.929241863  26.0076
392 0.683121026  0.463869452  8.832973494  4.903242528  25.9993
393 0.684713423  0.460465074  8.858966375  4.877249648  25.9929
394 0.686305702  0.457076669  8.884949747  4.851266275  25.9834
395 0.687898099  0.453703642  8.910927370  4.825288652  25.9776
396 0.689490378  0.450346589  8.936895221  4.799320802  25.9679
397 0.691082776  0.447004676  8.962857056  4.773358967  25.9618
398 0.692675173  0.443678141  8.988810800  4.747405222  25.9537
399 0.694267511  0.440366983  9.014755353  4.721460670  25.9446
400 0.695859909  0.437070847  9.040692527  4.695523495  25.9372
401 0.697452188  0.433790088  9.066619284  4.669596738  25.9268
402 0.699044585  0.430523872  9.092539378  4.643676645  25.9201
403 0.700636923  0.427272797  9.118449771  4.617766251  25.9104
404 0.702229321  0.424036264  9.144352279  4.591863743  25.9025
405 0.703821719  0.420814395  9.170245807  4.565970215  25.8935
406 0.705413997  0.417607307  9.196128295  4.540087728  25.8825
407 0.707006395  0.414414406  9.222003494  4.514212528  25.8752
408 0.708598673  0.411236048  9.247867410  4.488348612  25.8639
409 0.710191071  0.408071756  9.273723795  4.462492227  25.8564
410 0.711783409  0.404921770  9.299569626  4.436646397  25.8458
411 0.713375807  0.401785731  9.325406717  4.410809306  25.8371
412 0.714968204  0.398663640  9.351233983  4.384982039  25.8273
413 0.716560483  0.395555615  9.377049376  4.359166646  25.8154
414 0.718152881  0.392461181  9.402856644  4.333359378  25.8073
415 0.719745219  0.389380574  9.428652774  4.307563249  25.7961
416 0.721337616  0.386313438  9.454439582  4.281776441  25.7868
417 0.722929895  0.383260012  9.480214060  4.256001963  25.7745
418 0.724522293  0.380219817  9.505979954  4.230236068  25.7659
419 0.726114571  0.377193093  9.531733296  4.204482727  25.7533
420 0.727707028  0.374179363  9.557478793  4.178737229  25.7455
421 0.729299426  0.371178865  9.583212480  4.153003542  25.7337
422 0.730891705  0.368191719  9.608933288  4.127282735  25.7208
423 0.732484102  0.365217328  9.634644957  4.101571065  25.7117
424 0.734076381  0.362256050  9.660343533  4.075872489  25.6986
425 0.735668778  0.359307408  9.686032756  4.050183267  25.6892
426 0.737261117  0.356371522  9.711709635  4.024506388  25.6769
427 0.738853514  0.353448272  9.737375987  3.998840035  25.6664
428 0.740445912  0.350537539  9.763030749  3.973185274  25.6548
429 0.742038190  0.347639561  9.788671896  3.947544126  25.6411
430 0.743630588  0.344753742  9.814303167  3.921912856  25.6313
431 0.745222926  0.341880322  9.839921581  3.896294442  25.6184
432 0.746815324  0.339019179  9.865528955  3.870687067  25.6074
433 0.748407602  0.336170316  9.891122315  3.845093707  25.5934
434 0.750000000  0.333333373  9.916705395  3.819510627  25.5831
435 0.751592398  0.330508351  9.942276180  3.793939842  25.5708
436 0.753184676  0.327695608  9.967832659  3.768383363  25.5565
437 0.754777074  0.324894547  9.993378564  3.742837458  25.5459
438 0.756369412  0.322105289 10.018910930  3.717305093  25.5324
439 0.757961810  0.319327712 10.044431572  3.691784450  25.5206
440 0.759554088  0.316561937 10.069937533  3.666278489  25.5060
441 0.761146486  0.313807607 10.095432538  3.640783484  25.4950
442 0.762738883  0.311064720 10.120914586  3.615301437  25.4820
443 0.764331222  0.308333278 10.146382631  3.589833391  25.4680
444 0.765923619  0.305613160 10.171838490  3.564377532  25.4559
445 0.767515898  0.302904606 10.197279215  3.538936807  25.4407
446 0.769108295  0.300207019 10.222708527  3.513507495  25.4293
447 0.770700574  0.297520757 10.248122530  3.488093492  25.4140
448 0.772292972  0.294845343 10.273524943  3.462691080  25.4024
449 0.773885429  0.292180896 10.298914724  3.437301298  25.3898
450 0.775477707  0.289527774 10.324287990  3.411928032  25.3733
451 0.777070105  0.286885142 10.349649404  3.386566618  25.3614
452 0.778662384  0.284253597 10.374995086  3.361220936  25.3457
453 0.780254781  0.281632662 10.400328747  3.335887275  25.3337
454 0.781847119  0.279022455 10.425647459  3.310568564  25.3187
455 0.783439517  0.276422739 10.450953035  3.285262988  25.3056
456 0.785031796  0.273833752 10.476242553  3.259973469  25.2895
457 0.786624193  0.271255136 10.501519721  3.234696302  25.2772
458 0.788216591  0.268686771 10.526782563  3.209433459  25.2628
459 0.789808929  0.266129017 10.552030058  3.184185964  25.2475
460 0.791401327  0.263581395 10.577264017  3.158952006  25.2340
461 0.792993605  0.261044264 10.602481529  3.133734493  25.2175
462 0.794586003  0.258517027 10.627686294  3.108529728  25.2048
463 0.796178281  0.256000042 10.652874463  3.083341559  25.1882
464 0.797770679  0.253493071 10.678049733  3.058166290  25.1753
465 0.799363077  0.250995994 10.703210142  3.033005881  25.1604
466 0.800955415  0.248508930 10.728354675  3.007861347  25.1445
467 0.802547812  0.246031642 10.753485144  2.982730879  25.1305
468 0.804140091  0.243564367 10.778598653  2.957617369  25.1135
469 0.805732489  0.241106749 10.803698893  2.932517129  25.1002
470 0.807324827  0.238658786 10.828782974  2.907433049  25.0841
471 0.808917224  0.236220479 10.853852702  2.882363320  25.0697
472 0.810509622  0.233791590 10.878907070  2.857308952  25.0544
473 0.812101901  0.231372595 10.903944136  2.832271887  25.0371
474 0.813694298  0.228962779 10.928967580  2.807248443  25.0234
475 0.815286577  0.226562619 10.953973588  2.782242434  25.0060
476 0.816878974  0.224171519 10.978965839  2.757250183  24.9923
477 0.818471313  0.221789956 11.003941460  2.732274562  24.9756
478 0.820063710  0.219417453 11.028902255  2.707313767  24.9608
479 0.821656108  0.217054129 11.053847225  2.682368797  24.9450
480 0.823248386  0.214700222 11.078774441  2.657441582  24.9272
481 0.824840784  0.212355137 11.103687571  2.632528451  24.9131
482 0.826433122  0.210019231 11.128583756  2.607632266  24.8962
483 0.828025520  0.207692266 11.153464798  2.582751225  24.8810
484 0.829617798  0.205374360 11.178327842  2.557888181  24.8630
485 0.831210196  0.203065157 11.203176551  2.533039471  24.8487
486 0.832802474  0.200764894 11.228007146  2.508208877  24.8306
487 0.834394872  0.198473334 11.252823285  2.483392738  24.8161
488 0.835987329  0.196190357 11.277623978  2.458592044  24.8007
489 0.837579608  0.193916321 11.302405457  2.433810565  24.7815
490 0.839172006  0.191650867 11.327172304  2.409043718  24.7668
491 0.840764284  0.189393997 11.351920754  2.384295268  24.7485
492 0.842356682  0.187145591 11.376654458  2.359561565  24.7337
493 0.843949020  0.184905648 11.401370581  2.334845441  24.7161
494 0.845541418  0.182674170 11.426070921  2.310145102  24.7003
495 0.847133815  0.180451035 11.450754497  2.285461525  24.6836
496 0.848726094  0.178236485 11.475419411  2.260796611  24.6649
497 0.850318491  0.176029921 11.500069304  2.236146719  24.6499
498 0.851910830  0.173831820 11.524701354  2.211514669  24.6321
499 0.853503227  0.171641707 11.549317354  2.186898668  24.6160
500 0.855095506  0.169460058 11.573914491  2.162301531  24.5971
501 0.856687903  0.167286277 11.598496397  2.137719625  24.5819
502 0.858280301  0.165120482 11.623061182  2.113154840  24.5648
503 0.859872580  0.162963033 11.647606958  2.088609064  24.5458
504 0.861464977  0.160813332 11.672137354  2.064078668  24.5304
505 0.863057315  0.158671618 11.696649566  2.039566456  24.5122
506 0.864649713  0.156537652 11.721145382  2.015070640  24.4958
507 0.866241992  0.154411793 11.745622007  1.990594016  24.4766
508 0.867834389  0.152293563 11.770083058  1.966132964  24.4611
509 0.869426787  0.150183082 11.794526658  1.941689364  24.4436
510 0.871019125  0.148080468 11.818951849  1.917264174  24.4252
511 0.872611523  0.145985365 11.843360414  1.892855609  24.4086
512 0.874203801  0.143898010 11.867749570  1.868466452  24.3892
513 0.875796199  0.141818166 11.892122926  1.844093096  24.3734
514 0.877388477  0.139745951 11.916476791  1.819739231  24.3539
515 0.878980875  0.137681127 11.940814769  1.795401253  24.3380
516 0.880573213  0.135623932 11.965134086  1.771081937  24.3193
517 0.882165611  0.133574009 11.989436520  1.746779502  24.3024
518 0.883758008  0.131531477 12.013721122  1.722494901  24.2846
519 0.885350287  0.129496455 12.037986035  1.698229988  24.2649
520 0.886942685  0.127468586 12.062234854  1.673981169  24.2488
521 0.888535023  0.125447989 12.086464816  1.649751206  24.2300
522 0.890127420  0.123434663 12.110677698  1.625538325  24.2129
523 0.891719699  0.121428609 12.134870743  1.601345279  24.1930
524 0.893312097  0.119429588 12.159047539  1.577168484  24.1768
525 0.894904494  0.117437720 12.183206235  1.553009787  24.1587
526 0.896496773  0.115453005 12.207344990  1.528871032  24.1388
527 0.898089170  0.113475204 12.231467383  1.504748639  24.1224
528 0.899681509  0.111504436 12.255570670  1.480645353  24.1033
529 0.901273906  0.109540582 12.279656620  1.456559403  24.0859
530 0.902866185  0.107583880 12.303722495  1.432493527  24.0659
531 0.904458582  0.105633855 12.327771867  1.408444155  24.0494
532 0.906050980  0.103690624 12.351802900  1.384413122  24.0310
533 0.907643318  0.101754427 12.375814664  1.360401359  24.0118
534 0.909235716  0.099824786 12.399808923  1.336407100  23.9943
535 0.910827994  0.097902179 12.423782953  1.312433069  23.9740
536 0.912420392  0.095986009 12.447740314  1.288475708  23.9574
537 0.914012671  0.094076753 12.471677388  1.264538634  23.9371
538 0.915605128  0.092173934 12.495598624  1.240617398  23.9212
539 0.917197526  0.090277672 12.519500410  1.216715613  23.9018
540 0.918789804  0.088388205 12.543381824  1.192834198  23.8814
541 0.920382202  0.086505175 12.567246415  1.168969607  23.8646
542 0.921974480  0.084628701 12.591090582  1.145125440  23.8442
543 0.923566878  0.082758665 12.614917867  1.121298155  23.8273
544 0.925159216  0.080895066 12.638725566  1.097490456  23.8077
545 0.926751614  0.079037786 12.662515436  1.073700586  23.7899
546 0.928343892  0.077187061 12.686284780  1.049931242  23.7693
547 0.929936290  0.075342536 12.710037131  1.026178891  23.7524
548 0.931528687  0.073504210 12.733770684  1.002445338  23.7336
549 0.933121026  0.071672320 12.757484527  0.978731495  23.7138
550 0.934713423  0.069846630 12.781180411  0.955035611  23.6959
551 0.936305702  0.068027258 12.804855652  0.931360370  23.6752
552 0.937898099  0.066213965 12.828513772  0.907702250  23.6581
553 0.939490378  0.064406872 12.852151206  0.884064817  23.6374
554 0.941082776  0.062605739 12.875771470  0.860444553  23.6203
555 0.942675173  0.060810804 12.899372772  0.836843251  23.6013
556 0.944267511  0.059021950 12.922954207  0.813261815  23.5814
557 0.945859909  0.057239056 12.946517521  0.789698501  23.5633
558 0.947452188  0.055462241 12.970060047  0.766155975  23.5425
559 0.949044585  0.053691268 12.993585290  0.742630732  23.5252
560 0.950636923  0.051926374 13.017090587  0.719125435  23.5053
561 0.952229321  0.050167203 13.040577678  0.695638344  23.4871
562 0.953821719  0.048413992 13.064045664  0.672170358  23.4680
563 0.955413997  0.046666741 13.087492771  0.648723251  23.4471
564 0.957006395  0.044925094 13.110922492  0.625293530  23.4297
565 0.958598673  0.043189406 13.134331301  0.601884722  23.4088
566 0.960191071  0.041459441 13.157722684  0.578493338  23.3914
567 0.961783409  0.039735079 13.181093998  0.555122024  23.3713
568 0.963375807  0.038016558 13.204446975  0.531769047  23.3530
569 0.964968204  0.036303520 13.227780724  0.508435299  23.3337
570 0.966560483  0.034596443 13.251093483  0.485122540  23.3128
571 0.968152881  0.032894731 13.274388727  0.461827295  23.2952
572 0.969745219  0.031198740 13.297663825  0.438552197  23.2751
573 0.971337616  0.029508114 13.320920505  0.415295518  23.2567
574 0.972929895  0.027823329 13.344156140  0.392059883  23.2356
575 0.974522293  0.026143789 13.367374196  0.368841827  23.2181
576 0.976114571  0.024469852 13.390571182  0.345644840  23.1970
577 0.977707028  0.022801280 13.413751427  0.322464595  23.1802
578 0.979299426  0.021138191 13.436911444  0.299304578  23.1600
579 0.980891705  0.019480586 13.460050357  0.276165666  23.1389
580 0.982484102  0.017828226 13.483171618  0.253044405  23.1213
581 0.984076381  0.016181231 13.506271753  0.229944270  23.1001
582 0.985668778  0.014539599 13.529354209  0.206861813  23.0825
583 0.987261117  0.012903214 13.552416383  0.183799639  23.0622
584 0.988853514  0.011272073 13.575459989  0.160756033  23.0436
585 0.990445912  0.009646297 13.598484154  0.137731869  23.0242
586 0.992038190  0.008025765 13.621487144  0.114728878  23.0030
587 0.993630588  0.006410241 13.644472396  0.091743626  22.9853
588 0.995222926  0.004799962 13.667437317  0.068778706  22.9649
589 0.996815324  0.003194809 13.690383616  0.045832406  22.9463
590 0.998407602  0.001594901 13.713308710  0.022907312  22.9251
591 0.998566926  0.001435161 13.715601520  0.020614503   2.2928
592 0.998726130  0.001275539 13.717892419  0.018323603   2.2909
593 0.998885393  0.001115799 13.720183981  0.016032042   2.2916
594 0.999044597  0.000956297 13.722474490  0.013741532   2.2905
595 0.999203801  0.000796795 13.724764804  0.011451218   2.2903
596 0.999363124  0.000637293 13.727056638  0.009159384   2.2918
597 0.999522328  0.000477910 13.729346562  0.006869460   2.2899
598 0.999681473  0.000318646 13.731635434  0.004580588   2.2889
599 0.999840796  0.000159264 13.733926683  0.002289339   2.2912
600 1.000000000  0.000000000 13.736216022  0.000000000   2.2893
